군고구마 124 31.3 1.5 0.2 7.63 15
우유 122 11.5 8 4.9 12.59 100
대추방울토마토 0.45 0.1 0 0 0.5
닭가슴살 109 0 22.9 1.2 0 65
구운계란 73 0.38 6.26 4.95 0.38 147
쌀밥 210 310 67.32 5.61 0.85 0 4
바나나 93 21.9 1.1 0.1 14.6 0
방울토마토 2 0.4 0.1 0 0.13 8
삶은달걀 80 0.56 6.26 5.28 0.56 139
수박 31 7.5 0.8 0.1 9.42 6
사과 122 35.9 0.5 0.075 27.85 0
계란프라이 89 0.43 6.24 6.76 0.38 238 
배추김치 25 4.4 1.4 0.2 0.4 232
참외 62 14.6 2 0.2 12.9 16
잡곡밥 340 73.47 8.82 1.98 0.1 273
현미밥 321 68.95 6.3 1.53 0 5
오이 19 1.8 0.8 0.1 1.8 2
아메리카노 4 0.09 0.28 0.38 0 30
삼겹살(구운거) 460 0 22.8 41.2 0 80
상추 18 3.5 1.2 0.3 0.1 2
찐고구마 93 31.3 1.5 0.2 7.06 2
아몬드 7 0.24 0.26 0.61 0.06 0
떡볶이 280 60 7 3 7 250
두부 88 0.8 7.6 5.9 0.4 4
양상추 11 2.28 0.89 0.11 1 15 
김밥 318 57.6 7.3 6.5 0.5 833.29
아이스아메리카노 10 2 1 0 0 5
오렌지 88 22.4 1.8 0.2 18.7 0
야채샐러드(드레싱포함) 148 12.34 1.78 10.73 5.03 283